29 37
4 4 4
                                                                                                                                                                                            
2 1 0 4 8 AND
2 1 1 4 9 AND
2 1 2 4 10 AND
2 1 3 4 11 AND
2 1 0 5 12 AND
2 1 1 5 13 AND
2 1 2 5 14 AND
2 1 9 12 15 XOR
2 1 9 12 16 AND
2 1 10 16 17 XOR
2 1 13 16 18 XOR
2 1 10 18 19 XOR
2 1 17 18 20 AND
2 1 16 20 21 XOR
2 1 21 14 22 XOR
2 1 22 11 23 XOR
2 1 0 6 24 AND
2 1 1 6 25 AND
2 1 19 24 26 XOR
2 1 19 24 27 AND
2 1 27 25 28 XOR
2 1 28 23 29 XOR
2 1 0 7 30 AND
2 1 30 29 31 XOR
2 1 0 0 32 XOR
2 1 32 8 33 XOR
2 1 32 15 34 XOR
2 1 32 26 35 XOR
2 1 32 31 36 XOR
